39
-18
54
-38
92
-67
-14
-40
-90
-66
-75
28
43
77
51
49
-44
73
-10
24
-63
-45
-82
-97
31
-35
-25
79
48
-15
-73
67
21
-80
-37
-31
51
-89
50
73
36
-70
-53
-47
-17
16
8
49
-15
-30
-54
-84
-58
-92
-94
57
-60
96
-57
-46
0
-97
-87
55
60
84
91
71
58
-33
26
-8
98
77
44
-92
-98
41
91
-86
93
-5
90
-8
-11
-75
-67
33
-1
-90
53
28
98
-36
-59
-59
-54
8
-42
74
31
84
-80
48
27
-75
90
-3
14
23
42
-36
82
60
12
15
-37
-92
30
72
48
36
-37
53
30
59
85
42
-91
-13
42
85
20
90
7
-16
-27
-15
-62
31
79
72
75
-95
-12
28
85
28
62
9
-94
-2
-53
48
-86
81
2
-85
90
61
-16
56
-8
99
-24
44
32
-80
-89
92
7
-99
-53
-57
74
37
58
-100
36
-24
9
17
-65
38
-24
58
-89
47
-68
-87
-15
86
27
-10
33
8
-21
76
-6
-16
20
31
80
-6
9
41
-8
49
-44
35
-31
96
35
-33
-38
14
31
-72
-81
-1
69
79
43
25
-85
-97
-50
-14
31
-73
-25
83
-91
-56
-79
-9
-27
1
45
39
-28
-86
-29
-76
-99
-62
100
-69
29
62
79
51
-33
71
32
-55
-56
70
-99
-77
49
9
-71
-71
6
99
49
71
50
-83
-70
81
7
-20
66
80
88
53
-66
-4
95
3
-96
38
-82
7
-36
-63
34
93
14
-11
61
-42
64
30
-50
-82
-45
-92
-19
-86
4
52
-12
8
78
82
-20
78
-94
8
-7
52
73
75
-84
28
-60
66
-93
-73
-20
46
23
73
69
72
6
-39
-98
58
32
-27
86
21
55
-71
-23
-57
99
23
-59
-37
93
29
24
-35
76
-67
-80
4
-79
64
63
54
17
79
95
-57
60
-63
-74
-21
-23
-96
79
54
-28
1
-81
-32
73
-54
29
45
-16
-76
-20
22
36
-28
-70
8
48
-61
100
64
25
-49
-33
-63
-1
93
24
29
-92
-22
-56
8
-88
43
15
-38
53
-61
23
33
74
53
-80
39
-46
17
74
-68
66
-54
89
24
-44
-85
-25
-73
-46
22
-41
52
42
89
-84
-73
85
7
-51
15
-93
-55
45
-97
-13
85
3
-92
-100
0
-87
28
0
3
-2
-24
43
30
72
-16
59
70
76
-17
-86
-2
97
61
92
-11
-16
-90
25
-47
94
22
-17
30
-58
23
75
93
90
-74
58
-17
-29
56
32
-3
-99
-30
71
-89
73
55
-25
92
59
50
-20
35
-67
-64
-84
-11
31
-50
-87
33
32
49
-23
-96
-94
70
-99
-100
-88
86
-9
-21
-56
-61
-42
-33
34
-5
-4
7
35
-84
4
-71
-6
68
4
-73
-9
44
71
4
-69
-33
52
-95
-64
88
-13
-84
94
-11
-94
-33
-23
-45
-78
16
-6
24
68
27
-61
99
30
2
-77
-35
35
86
-33
51
-45
-27
70
48
38
-11
22
-5
-7
-72
-35
-18
79
-4
33
60
-28
-32
-28
56
-3
73
-50
5
-40
-77
56
-8
69
19
37
-83
91
-71
43
47
10
-98
76
18
28
-20
-56
-26
-69
-50
14
85
-63
74
-56
92
-82
-81
-95
54
95
-82
85
15
89
-68
-67
-23
15
-2
13
14
-55
43
79
-41
15
68
2
-27
3
-48
87
72
75
-60
58
46
67
-33
-71
55
-27
-59
76
-31
-6
80
63
-38
92
59
-83
-92
-42
35
75
24
81
-82
-100
65
-40
-23
-96
48
42
-90
35
-98
14
85
-5
2
-66
-98
70
-88
7
-52
-100
-4
92
-81
54
-36
74
-39
-15
13
-5
11
-44
50
-20
39
-36
28
-62
63
-37
-46
39
-36
-38
89
-46
42
71
-27
65
76
-6
-6
19
-58
100
-77
27
-63
-1
-89
-75
-39
53
2
-45
-12
55
32
65
41
-100
-15
-52
-52
-56
-89
15
-37
45
-18
27
38
-45
68
84
31
93
5
82
-66
-32
-90
78
-55
55
-92
-94
-74
18
66
-56
15
65
68
62
23
-64
42
-80
-9
-61
64
65
60
59
-77
-73
34
41
-54
26
-37
12
-12
57
60
-18
41
-31
7
-31
-68
-82
-96
54
-26
19
23
-2
68
91
18
62
41
73
6
65
61
-7
-64
-78
-51
-49
66
-67
-91
94
-43
35
-40
-8
12
94
27
-41
-28
26
-29
-25
23
52
-54
-23
59
100
29
68
-16
-12
-26
-39
78
81
-65
75
-49
-20
51
49
40
-27
-79
-47
-30
47
-60
41
20
-85
15
14
-65
96
46
33
77
86
24
-18
-41
-83
-51
-80
-65
40
-91
-62
-54
96
-37
-9
43
-68
86
-56
-38
-48
58
-37
6
24
-50
-72
-75
-8
-75
-63
-5
53
-71
64
-85
9
63
-26
-69
77
-41
-8
49
71
6
2
51
8
98
-28
-88
-2
-49
-52
18
17
-72
35
2
78
-71
-9
57
-26
-58
79
-97
82
-9
61
34
42
88
19
76
-24
-77
-6
85
76
97
-36
-28
44
-9
29
98
-74
-11
-40
11
-54
10
-83
74
8
-51
-78
5
42
-1
-84
-55
-38
-25
99
-100
-56
60
93
-75
-23
-84
-25
-36
18
-50
71
18
-32
62
67
44
81
95
43
-26
84
-75
4
-47
44
-44
-84
-73
29
0
58
39
-13
-51
46
75
-94
85
-38
-75
-85
-20
-63
-84
-91
-30
14
39
13
-74
-71
52
83
-47
38
-85
-81
-92
38
-32
-6
38
14
50
-26
-86
17
1
56
20
18
-46
11
34
-78
55
97
42
4
-22
-54
26
-59
-65
71
-9
74
-89
-26
-87
87
20
-6
60
22
-66
46
88
-16
100
-43
45
-60
-9
33
59
-50
46
38
87
-61
87
-30
-86
79
1
80
-86
79
-1
-27
5
83
-47
-83
-81
48
-56
12
-23
-42
-84
-70
-34
61
20
-19
-7
-61
47
22
10
43
32
23
99
-52
-39
-100
73
-68
86
-43
27
67
8
34
-31
-14
-37
-39
99
-52
-55
59
86
11
62
-69
-33
53
-41
91
20
71
-79
-83
93
-17
80
-95
-87
35
-83
30
6
-96
-49
-27
71
30
-72
40
-46
-1
16
-12
-2
-47
-7
29
-83
48
25
68
2
80
-84
-62
-9
29
-43
31
-18
-94
85
-36
-36
65
-99
-56
-50
-92
15
57
38
-28
-96
-56
-4
-28
-83
78
-46
-88
34
-67
-46
56
12
39
95
-46
-50
-25
-86
-19
22
10
-77
54
-86
-85
53
68
47
-92
42
-65
-66
-89
63
60
2
-40
0
60
-87
53
-45
-99
58
39
85
44
-55
18
49
23
13
76
91
-21
-4
24
-96
68
85
-56
50
-12
-31
46
74
-67
42
24
-44
-90
-56
-59
-24
41
-68
32
48
4
-20
-2
-3
-99
-25
-54
76
-25
92
-19
-69
-10
40
-9
-53
46
13
85
8
31
85
77
-67
-92
-58
-100
97
7
-27
-32
59
-43
32
-78
90
14
81
72
80
2
91
63
45
32
71
-61
2
42
21
-95
-77
-97
19
13
21
-83
68
-11
76
63
-53
78
-13
43
32
-25
-66
75
-66
-30
87
28
34
-76
62
-93
-36
-51
78
-78
88
-14
-20
23
-32
-19
-94
17
30
34
-33
-16
80
59
89
26
37
-99
35
-87
-6
28
90
39
93
-32
85
59
-36
52
43
65
51
-46
39
-19
-79
4
84
-95
80
37
-72
67
33
73
31
89
66
23
-8
86
-44
-97
66
51
-7
-12
-90
43
-49
-50
-61
53
98
8
38
93
91
-24
19
-94
12
-28
3
-71
-97
-42
63
19
74
18
-95
55
-36
-82
-10
91
-1
-69
33
-73
60
4
19
97
-54
-80
19
-21
-56
51
-16
-43
-44
-33
-72
-100
50
7
23
43
-47
-52
-46
9
-3
72
34
-1
-80
-80
34
-87
56
60
-72
23
81
36
-83
-7
-17
63
51
11
3
-66
-59
32
61
-2
-52
-6
-49
30
21
60
91
30
-49
52
-92
46
-5
-99
-48
10
100
75
100
46
-39
2
-39
-95
76
41
-23
-56
-37
-100
-23
-27
81
-73
48
55
81
34
-81
-88
-99
-78
67
-37
92
-65
16
41
-43
-84
-26
40
69
-18
75
-56
-97
43
43
43
14
-6
74
27
37
-86
-18
-8
9
69
-9
-74
34
-76
30
-89
-10
-47
-55
-15
-74
34
-3
63
61
49
-40
14
-11
31
-85
44
5
-82
82
-48
34
48
25
-40
-41
29
71
-53
93
-30
-16
72
47
27
81
-40
23
-75
22
-78
47
21
97
23
-32
35
45
-72
-44
-1
-41
-13
97
42
-14
64
-12
-99
-36
-100
10
8
63
21
-81
-57
21
-58
60
-83
30
2
25
32
16
-58
74
-94
45
39
-43
90
-72
41
20
22
40
-29
51
-11
-83
3
-82
-9
-76
86
-43
10
-3
-20
42
-63
-42
53
91
-47
89
6
-71
-87
46
98
2
-52
43
-94
15
-64
77
-87
-15
-96
22
-80
-54
-100
-2
-25
1
47
81
-5
-45
-46
81
-2
40
-38
-77
-70
-36
-59
-58
-3
-11
62
-7
29
65
-44
-44
92
-71
-16
11
10
4
-65
39
-44
-13
-3
0
-29
0
-67
23
-79
-44
-54
-24
95
-15
99
-38
-15
96
32
-67
-64
-36
63
62
90
-81
95
69
68
4
-95
-49
73
-55
-75
-78
-35
-38
83
-54
85
12
-69
-47
-60
4
-97
88
90
-5
-19
45
9
95
68
-65
39
80
3
9
-9
55
54
-22
-75
-4
14
48
98
20
8
-43
-89
89
53
-7
-13
29
-91
27
-97
65
-56
-35
-89
32
-13
61
52
18
4
-89
-78
59
20
-84
-97
-38
-44
34
-37
-62
-55
-92
-3
-63
-41
93
18
44
78
54
-15
-39
85
-44
-33
-60
67
52
11
60
-81
80
83
100
88
90
-55
-56
-26
-27
18
94
-60
-3
-94
33
24
76
91
43
-18
-33
74
45
77
-54
-29
-12
-39
84
-36
6
72
61
-46
68
-56
-10
-36
-45
7
12
5
36
72
-42
-30
-84
-62
23
-82
13
28
-82
66
-27
-83
91
-6
-68
-39
61
-71
-45
-82
67
-95
46
100
30
55
89
100
-70
-93
-68
26
82
89
38
-82
54
-98
-74
32
5
26
80
-75
2
-39
-76
-43
46
85
100
26
-73
-51
-98
80
-18
59
-60
37
-42
5
-87
-90
-12
-67
-59
90
-70
99
-39
37
61
-6
10
-73
-76
82
-98
68
31
-6
-70
80
-70
-12
-90
31
-51
2
-5
-93
-41
26
-68
45
48
-57
56
94
58
34
72
94
67
-23
94
78
-49
18
4
34
-41
-26
23
94
11
-21
-67
-80
-12
77
32
-81
56
-20
-80
-16
-20
-75
-87
-97
96
-95
27
76
-50
-54
-37
51
17
-83
-28
3
-81
-86
60
-13
-66
-40
17
-65
97
39
-77
14
5
-63
6
92
41
62
-67
7
-74
-22
-31
83
-20
45
-71
37
-87
-17
-78
-51
-60
85
4
10
-81
26
19
74
12
22
35
27
12
45
-84
-57
26
82
28
-3
96
-8
51
21
-33
-14
13
-61
50
95
-24
68
-7
-94
-79
-81
30
-52
-21
-42
26
-90
32
-68
-81
-90
-45
-55
92
-87
14
10
-18
-53
10
23
68
57
-78
-14
-94
0
50
-30
0
-24
-39
0
-34
-32
-67
29
-44
-22
63
25
14
12
48
-86
-84
32
-12
78
17
-88
-18
43
-12
96
55
-72
-7
-98
43
85
20
72
-19
52
80
-19
-89
-48
-15
57
-21
95
34
-95
86
97
-61
96
-50
-38
67
39
89
46
-39
-73
-99
22
56
-99
65
56
54
-84
-79
0
-42
-26
-61
-1
18
-45
-79
75
-41
0
-25
-58
-66
-85
-7
-62
45
-75
56
24
-16
-58
63
61
-93
-65
1
-40
53
22
18
74
34
-12
35
64
-76
34
-68
8
3
-8
1
-70
27
83
90
13
-92
54
-7
-25
-13
86
11
-57
-20
29
-52
74
-87
57
4
37
-5
-65
7
73
-100
38
-70
56
43
26
48
-41
77
-44
-70
99
58
-27
10
-70
40
93
-71
88
-33
77
-17
-95
69
66
-99
-36
-39
-7
60
-49
98
84
-54
99
-25
-66
1
-59
93
68
80
23
-59
97
17
-72
-32
49
84
38
-6
26
-20
-23
96
59
36
48
94
17
0
53
8
35
90
-70
-44
5
-77
5
25
100
10
-48
40
-89
96
39
-72
26
37
50
45
-86
14
34
-81
11
10
2
8
-76
10
-50
59
-52
-16
80
-16
-4
94
-96
-27
-76
72
-47
95
-29
-53
-62
27
43
50
99
-75
35
-55
38
10
78
-68
57
-46
-92
83
37
35
35
-83
-32
98
-57
-41
13
-25
-30
-80
17
74
-99
52
-71
-82
-94
74
85
-98
-52
27
-40
-22
-31
9
-33
32
17
-3
-77
56
77
-97
-32
-18
-53
-16
-83
8
46
-96
51
-1
-17
84
-74
-5
-16
-47
22
90
94
-88
11
-25
-24
-76
-3
-12
-24
-68
29
-13
33
20
-58
-38
-30
4
27
5
-88
66
89
-61
-17
-82
70
-3
10
24
45
24
-38
45
-3
-97
-51
78
-61
3
-15
46
13
39
22
64
87
14
48
72
-36
34
-91
-66
79
-5
-73
13
-84
0
93
-77
3
-100
-62
68
-38
5
-85
-64
-100
100
-95
-96
-73
-40
-67
-89
-89
-55
88
17
-20
-89
-50
-57
79
-80
-82
34
41
34
-94
-28
69
-32
49
2
-50
60
59
86
-93
-35
68
62
70
57
21
-66
51
23
67
71
-70
-4
-96
11
85
-89
-82
31
36
67
96
-2
-73
93
14
86
51
7
-53
-14
98
-99
72
68
-66
-37
-75
2
49
-60
20
48
-95
-14
19
-52
-8
0
-43
49
-92
6
71
-91
-4
5
-1
-67
-58
-88
-95
1
-60
80
-12
69
42
69
29
71
-20
52
63
-26
4
-75
-91
75
30
80
-55
-77
-98
-84
9
-88
-1
74
60
-49
-62
-4
37
-3
18
98
-50
-5
-60
98
-93
-5
22
-57
-25
53
-53
5
-42
-16
-64
64
53
98
60
-6
68
-89
-24
-95
-96
-46
-29
22
1
-91
33
4
-29
-21
-14
-78
86
-71
89
50
6
93
73
-39
-84
-26
-32
-71
-82
-10
48
-18
-42
-100
100
-36
-84
-57
-11
91
42
-9
-2
95
-75
-53
-45
-47
75
-88
5
49
77
88
-61
71
98
44
-88
89
54
25
-43
-31
-25
-28
53
-55
-55
-94
-40
52
-45
-25
55
99
-49
15
45
-37
-58
77
-94
57
-34
30
-78
-54
1
66
62
-4
38
19
97
-16
-34
-100
33
-7
-81
34
71
99
-82
98
60
2
69
97
71
46
-74
56
57
47
-69
-94
19
-40
76
27
32
-42
-82
-26
-16
6
-38
-26
-41
89
24
-89
-81
-32
73
73
-10
23
-43
95
69
50
40
-28
39
23
-98
91
42
19
-52
-11
-42
-87
13
99
-32
-48
-48
-53
82
70
-82
-91
-64
-61
-68
-72
-65
27
-41
-99
94
-36
62
43
-46
41
65
-44
22
-31
18
-72
95
59
100
-19
10
88
100
100
-45
7
-74
4
-42
36
-31
-20
-83
-75
-93
26
11
-70
-67
-26
15
-5
79
78
13
16
50
100
14
14
33
21
89
15
-68
-19
49
22
44
-52
48
23
36
19
64
75
80
-62
-84
21
-31
-24
-42
22
83
2
90
87
-30
54
8
67
-54
-5
9
83
-40
37
-30
76
-62
-93
91
15
-54
-42
27
67
32
-69
-82
55
59
-59
44
-91
65
92
-67
77
83
36
88
-71
13
86
-11
-12
40
23
26
-35
-57
28
-25
65
87
-10
-32
-49
-2
69
-57
9
54
68
39
85
100
95
52
2
54
-5
-18
-32
-93
56
60
-27
12
-26
53
-50
58
56
25
-26
16
-4
-12
11
65
29
-62
-22
-30
41
46
16
-75
-54
-21
38
-71
-45
-59
-12
-46
76
82
11
84
25
3
-77
-44
-70
-21
82
53
-44
86
-29
1
64
73
29
5
34
74
19
-63
-17
56
99
-89
54
-80
44
-55
-99
-65
34
31
-1
-54
15
-31
-19
-19
70
87
-47
-15
8
34
30
-74
-49
-91
-73
46
58
20
-59
44
40
-21
100
18
28
-47
84
-96
-97
-3
14
75
10
-87
-68
13
-20
-16
-50
-59
-63
64
-21
-99
88
22
83
17
-67
-90
-70
-74
67
75
20
32
81
-90
-27
-95
38
86
90
96
-63
69
-97
64
-24
-29
8
-94
16
56
-42
26
-84
31
-37
-42
84
22
75
-91
-77
-90
22
84
-19
18
-92
76
-11
-12
-74
37
56
-32
12
-54
-25
45
86
-35
-47
56
-3
-65
79
3
-74
-56
10
32
85
12
-100
-23
7
15
-45
-46
20
-46
63
-47
-68
40
81
35
-39
87
44
-29
36
-78
96
-28
-75
94
-65
-28
14
-3
36
92
62
69
23
-85
-34
-12
76
51
40
-84
99
-9
-2
-20
-32
-47
48
-60
-15
89
-6
94
36
-32
-31
-31
13
-62
-33
29
-55
15
-98
-59
80
-51
-1
78
53
-74
82
-51
88
97
-84
27
-84
72
-23
-32
-54
-100
6
-83
6
99
-49
72
-41
82
31
83
-41
94
97
-93
-19
70
82
91
48
53
63
56
-44
25
-34
95
-28
10
24
54
19
84
-5
-47
85
73
77
-96
-19
-68
-74
-71
-58
82
-67
58
-3
34
99
-71
57
-21
92
67
-13
92
-72
-2
19
63
81
-92
41
72
-7
76
-3
73
-49
11
34
6
80
40
-3
-3
94
-90
-64
-36
14
42
-74
-73
74
21
-8
2
68
81
-14
-18
21
55
-6
80
-90
77
-93
-54
-25
-57
-3
-21
7
18
89
-63
39
-1
-57
-42
-100
-21
-54
-28
-99
-17
-69
12
-52
0
55
-4
-94
32
-1
88
-30
76
32
16
-61
65
-94
96
-80
-17
-3
66
46
67
-75
79
-82
7
48
72
64
30
-76
-47
29
-73
35
7
9
0
-80
41
66
98
17
68
32
-22
-53
-23
-78
-35
-19
8
-31
95
-93
-47
-87
-81
4
54
48
69
7
25
67
-32
-1
-34
-20
-58
-26
55
8
98
-34
-40
38
85
39
-4
15
-73
-92
65
64
62
83
-5
34
36
42
-2
-73
14
-16
-5
96
-69
39
-78
77
55
-84
20
82
-61
17
15
-77
13
47
-84
87
-63
-89
3
-20
-17
-26
-38
-74
-29
15
73
-27
1
-15
3
68
-50
-88
-38
-67
-42
39
-7
86
21
-41
31
59
13
-23
52
-81
-5
-34
54
-44
86
55
-2
-84
84
39
-93
53
-7
96
-48
0
82
9
70
0
79
-9
-12
88
39
17
65
10
-49
-14
97
5
4
83
-66
26
12
-64
17
37
31
63
-9
25
-44
-60
-83
34
93
-26
77
98
85
-45
-3
68
30
66
56
-75
-95
-28
-96
-97
0
-80
7
23
23
-23
81
11
9
78
94
-63
92
89
-53
-21
76
78
94
54
38
62
-8
97
-69
22
-3
-45
-15
-26
-89
88
-68
-18
-79
-41
7
80
45
45
-92
-74
55
35
6
51
43
-48
37
47
96
93
36
-14
93
-68
3
44
-39
46
-95
-24
-87
-85
68
13
-12
62
63
91
-84
63
-37
90
-27
-35
-65
87
-4
-37
-99
52
-72
23
-6
-62
-3
37
32
-62
87
-67
15
-92
65
48
-7
7
-18
-62
-91
-7
82
54
-89
94
20
-46
-75
-5
-52
-84
-77
-98
-90
57
31
92
-24
-45
-80
-51
-21
-58
70
36
-89
23
11
-5
-48
-12
86
-71
93
-80
10
100
34
31
51
-85
24
-4
61
58
20
-14
100
-62
61
-70
87
-23
-91
7
47
-13
-49
92
-54
55
25
10
-46
-34
66
52
41
-66
-64
16
-8
-55
-96
-100
-5
15
-89
14
-27
-62
60
-95
67
-54
30
33
-55
-89
52
-9
-53
-94
-21
1
88
-69
95
-65
97
53
92
-76
60
-96
53
7
-62
-84
-97
-81
28
73
-61
-94
-78
43
-49
-59
-25
-84
61
-62
74
-80
72
-62
84
-13
34
-57
3
-53
-44
-33
-23
-24
87
-6
3
-47
-14
97
78
90
52
58
26
85
-49
34
-22
47
-19
67
-98
96
28
0
-50
45
-97
-43
86
-32
40
-53
91
79
5
29
34
-55
19
-93
-63
58
100
-23
67
-57
-18
5
2
96
-3
-7
-68
96
33
-35
-73
-54
-92
-72
3
-100
-65
55
-44
70
-36
-17
-16
-18
-70
-71
54
6
-40
-20
67
-73
65
-46
-79
-9
45
23
-15
6
-43
3
67
97
9
-74
-72
-17
91
81
-34
-44
94
7
-67
-29
-89
-75
90
-96
92
73
-47
-9
83
-33
27
21
49
-36
-5
-27
-71
61
29
28
-70
98
-47
89
24
5
-94
97
-98
-47
84
73
31
51
-76
58
-99
-47
-21
-70
-3
-80
27
7
89
-85
22
-20
-58
-100
-86
31
-12
97
84
-66
-64
19
8
-27
53
-30
-62
-100
20
52
49
-72
-22
14
-90
-15
32
91
48
-93
21
68
31
54
66
66
27
-74
38
58
54
87
79
76
-100
38
-15
94
-61
-100
83
79
-14
-97
75
-59
38
48
79
-58
37
30
62
-95
-75
63
43
-99
90
90
-74
15
-92
-50
-17
-45
40
59
97
53
41
-36
86
69
73
-59
-80
-75
-30
40
-99
-55
-37
41
3
13
-92
-73
69
-61
50
30
58
-100
13
-25
47
4
-94
-37
-27
81
-98
30
-32
-48
66
-91
-3
29
32
-66
-63
-55
7
-72
11
53
-84
2
23
-90
76
3
9
-72
51
65
-60
-22
-6
28
-53
93
-71
80
-58
53
-71
55
-30
25
68
-45
76
-5
-25
30
-2
5
-5
93
48
-61
-60
19
-73
26
35
-54
-14
27
9
56
-60
-91
14
-63
83
97
64
-60
72
-21
40
-42
100
-62
86
37
76
-80
-87
46
-44
-65
55
22
-78
-10
77
7
2
85
89
9
26
30
-3
69
-63
-13
76
89
98
46
28
48
32
8
-16
-23
98
-43
-44
-55
21
13
38
93
83
-73
23
72
51
91
-18
-11
59
61
17
-17
-86
42
-2
-44
10
73
37
-30
-9
39
-76
18
-92
-33
-67
-72
-2
77
-76
71
49
39
36
13
74
-36
50
34
59
94
-55
43
-97
-51
77
-49
-50
5
-18
-82
-52
54
-14
80
-97
86
-37
-25
-99
19
-24
-65
52
14
-10
-58
85
33
95
-65
6
-82
-44
43
58
15
-20
26
22
74
-93
-71
-55
69
66
17
53
-50
99
-96
18
-62
66
-3
71
29
88
13
-40
9
-93
29
61
18
-42
33
-8
-79
-7
62
95
22
-33
77
97
93
81
41
-94
95
86
-18
-99
-89
88
-70
72
-27
41
34
45
1
-81
-21
-57
-30
-27
91
-4
-53
22
-94
17
67
36
91
-13
-64
-35
93
-40
-66
20
-86
-20
24
-38
-62
-28
11
83
41
-39
-91
-24
12
-46
46
-67
-49
32
-25
-16
-68
-9
-77
-95
-70
62
0
75
59
-96
-6
91
60
-54
-55
18
-27
75
5
-26
-72
-13
37
-59
89
-51
4
-94
-16
-78
69
34
65
-4
10
96
12
39
70
-24
-17
-24
83
21
10
-47
-61
6
-67
42
-75
-19
28
81
62
87
-85
-35
-93
69
20
-30
94
-79
-32
-13
35
36
-13
-87
-67
58
41
-6
-98
48
-1
42
72
-97
53
-99
13
-98
-83
63
72
-76
-54
-4
-100
-90
-94
-69
-93
29
64
81
-11
72
-46
-64
-24
-60
-51
-60
48
-77
-78
98
-8
90
-79
57
26
43
9
24
-50
-36
-29
9
42
51
-41
45
-45
-46
98
-45
-23
82
51
38
-31
38
-15
-28
21
-80
-96
-98
-54
-26
59
81
-9
27
-24
-79
-37
-54
-79
-49
52
19
-81
7
93
-82
-34
73
-27
49
72
7
79
10
-57
4
-1
40
-89
83
-18
-11
-63
-93
54
13
-86
-9
-27
34
91
-88
-22
75
-12
-3
-56
-45
-82
49
70
80
36
-89
69
-87
-12
-66
64
-18
-39
-50
-77
-28
-26
44
42
59
-12
-80
39
-12
99
-14
-59
-20
-3
47
-49
-81
-61
81
37
1
24
74
88
31
9
19
-9
-14
-90
73
13
-7
-78
-31
69
-46
-22
82
19
16
-89
-2
-41
30
31
67
-64
83
-45
-78
-60
-45
-58
-99
98
77
59
79
41
0
68
95
61
-67
90
-72
-45
-2
-68
-90
-50
-84
48
-30
-50
34
6
32
-82
-63
45
-88
-52
12
-36
65
30
-39
-93
-83
-16
91
-27
-69
91
99
-83
-66
6
21
-68
-96
80
-66
-44
84
-85
-83
-100
-7
-89
-2
23
-55
-88
-57
87
-99
23
33
89
-99
66
45
15
-47
-90
-2
-6
-30
30
-43
97
42
34
-89
46
83
-36
-71
-84
59
-83
-10
46
85
-17
62
-47
15
9
48
81
-37
40
-35
37
19
-78
-22
57
-18
-76
69
4
-40
45
-80
52
89
86
29
-83
17
-57
67
27
-34
8
-20
65
80
-84
-17
93
0
-55
78
-93
45
-79
-2
-23
99
74
-63
66
-29
-68
46
69
-11
-28
-95
4
-83
-18
-16
11
-4
-85
35
-50
39
51
38
85
90
-81
-73
-49
15
-93
33
-22
3
-35
56
-69
55
-88
-7
-76
42
3
-44
-90
80
23
-57
-16
-52
-54
83
-9
-88
-62
27
-44
70
-9
-27
-65
-18
58
76
27
-48
-24
44
-87
51
-6
91
-4
65
62
-95
33
91
40
-64
95
-36
20
-95
10
-20
71
-23
-35
-52
88
-2
60
69
-48
-58
29
-30
-22
40
-53
80
-30
80
-3
56
-92
-7
-6
18
20
-6
11
-49
-46
-7
69
-16
-43
-44
94
-97
16
99
-13
73
-31
64
34
62
-63
90
29
-72
48
-78
1
-21
15
-26
71
-21
-80
-43
-33
-8
65
-38
86
-48
88
25
80
85
98
92
10
54
64
96
38
-23
-87
-33
-16
53
12
3
2
-44
-71
-73
-14
-25
-86
86
-83
-66
-43
-60
10
-33
-58
82
2
3
-73
-81
65
-55
7
-99
-18
62
58
-31
90
-37
49
-79
-43
97
-85
51
95
70
-49
60
-11
-4
-75
-20
43
-10
13
25
80
-52
13
32
-59
-65
-57
-22
-51
6
15
-99
70
62
-73
90
-39
70
-91
61
7
-6
-10
-25
22
-45
-29
53
24
45
-39
-7
79
-35
-63
6
65
-97
27
28
-34
87
-71
94
86
4
26
-45
47
-98
-49
-12
-32
-53
-32
-45
24
-24
-24
39
36
23
62
-73
-89
81
-4
-66
-97
-22
-8
-20
3
-63
35
0
-60
-78
-89
-37
2
11
-25
-18
76
11
23
-74
-67
-25
-75
-43
10
84
-21
-3
27
86
-43
30
-25
-31
-17
-25
-31
-30
54
-24
91
8
-65
0
-56
-42
10
-78
66
-91
93
51
38
47
92
-73
-81
70
-41
-18
26
-67
-99
19
42
-49
-78
-14
-70
-43
20
-90
30
-72
51
-49
-51
-98
-27
-11
-84
65
98
-98
-31
51
38
-6
-17
79
60
91
50
-48
-5
-42
99
58
-68
-16
87
48
36
11
93
21
5
-69
22
-60
75
96
57
-58
-45
67
96
14
40
-81
57
69
-81
-62
-20
49
97
5
-2
-92
-69
-20
-23
-50
-87
-6
65
87
-59
72
-71
-35
30
70
-53
98
-16
-40
-61
-63
37
-12
45
91
-23
-29
50
77
-37
54
27
-21
30
-9
98
-51
-41
-89
-29
4
-15
-79
-35
17
32
58
-93
-64
87
11
-43
-11
92
0
99
45
55
45
21
71
42
-94
-82
25
-70
58
78
99
-26
-90
80
-96
73
56
-30
-75
-19
-80
89
-48
-34
65
-43
-98
-56
71
11
-92
-11
43
20
41
74
86
52
55
-74
36
-99
14
38
76
-89
2
-85
53
-65
66
66
42
94
84
-82
-5
92
-16
31
44
9
-78
-13
57
-97
-43
94
44
48
-40
-85
0
75
87
-64
9
10
-27
38
-77
-3
-2
-36
-69
-41
-35
26
81
42
-98
80
79
-24
4
66
-1
72
-50
34
-68
-34
97
-24
46
77
71
-46
18
-11
-33
-61
89
22
48
63
4
-21
77
-23
36
55
98
-78
40
38
-71
30
14
72
-60
-83
32
-71
89
-6
94
-95
98
61
-55
90
1
-76
-1
35
-95
21
-2
79
-24
40
-31
-95
-11
70
-66
-42
-44
81
47
-1
3
54
-49
79
22
37
72
-82
60
-82
-58
-4
-40
98
-87
-2
42
8
-19
37
99
93
39
-89
-48
-61
62
-52
-3
2
76
85
-20
64
0
12
64
-27
-74
9
20
93
80
45
-5
-69
-87
12
78
78
-81
70
-71
-9
-8
-47
-73
35
72
66
43
-8
87
-97
86
50
13
-32
40
62
39
16
11
24
-49
9
-69
-71
97
-68
15
-13
-87
34
44
-7
17
37
45
-43
100
-4
-53
23
86
-15
-89
4
-48
33
56
-46
-9
-81
32
71
72
-90
53
-52
-17
-46
28
-25
-23
48
66
-48
-89
-93
-20
1
19
96
42
71
-97
-5
5
25
94
-60
74
-98
-11
54
59
70
56
14
-73
75
-89
12
45
-11
49
49
-99
-88
87
80
-11
-50
23
-60
-85
99
-6
-67
86
95
19
47
-71
-57
69
82
21
-49
67
22
-20
-35
40
-14
-25
51
-25
32
-80
-95
-14
-16
99
88
13
-38
35
79
14
-36
52
95
48
-20
-65
-87
65
20
37
-47
-43
92
-90
82
-64
-94
98
92
-72
40
-40
-27
59
12
98
-12
20
36
-76
-41
51
-27
-46
-5
11
-4
59
43
43
32
-29
-16
-78
8
76
79
2
-63
53
-69
1
-49
-67
-68
-21
90
-51
-78
-16
73
-8
90
10
15
24
69
58
-4
-60
-44
94
10
81
70
66
19
-77
-9
46
-11
47
87
-6
85
18
10
47
96
-27
49
-33
41
-95
14
10
64
55
69
50
-79
93
60
-90
6
-34
-86
3
6
-54
70
-98
-74
69
-38
48
14
49
11
-43
40
83
24
-43
-63
-2
65
-6
50
18
56
-17
-31
99
-29
20
8
20
-83
79
88
-75
-58
14
-58
65
58
-4
-49
-46
-55
56
89
-68
-2
47
11
81
-21
-85
48
41
-26
-47
-31
6
96
-46
-57
-12
-14
-46
38
95
43
58
-11
-43
-28
12
-50
-93
19
80
-50
-39
14
64
-43
29
76
-40
71
26
67
-8
4
-64
29
73
99
-6
100
12
73
-35
-20
-87
-55
24
-6
-28
-89
-32
20
3
69
-25
15
-56
-95
-15
75
-78
81
51
74
43
-10
64
-44
-40
92
-78
-50
-61
47
-79
-24
92
45
-73
-100
84
-26
51
-62
9
33
-54
22
-55
42
-39
89
12
-24
-47
16
-42
91
61
69
-1
80
32
-85
-39
63
0
43
-80
63
91
-25
69
-71
-58
-45
-96
-12
16
-31
38
-16
37
16
71
11
-59
27
-73
-81
35
-56
12
-27
-46
62
11
62
-74
-22
-64
-77
-89
-15
-38
4
-90
47
-92
4
99
70
-81
-1
-28
-36
-49
-30
-7
-87
50
-73
-16
-42
30
32
74
-45
-57
37
81
-29
-94
80
-56
-13
-79
82
73
-23
64
-91
66
34
4
0
-28
22
-81
-7
52
-9
-63
9
-27
67
-94
42
-35
56
-70
17
-82
26
10
-52
-80
-49
34
66
35
-81
35
74
-30
73
25
-58
-65
75
74
-48
37
63
-71
-95
-70
40
-94
-51
-50
-81
56
78
-37
-86
52
73
-56
-80
84
-67
51
26
-100
3
26
85
30
14
18
5
-83
75
30
27
81
0
54
30
-79
32
-63
-9
-59
-62
-2
19
44
-55
86
43
-6
77
62
43
-42
-45
24
62
-10
69
39
87
-20
-72
87
80
-29
-81
13
-23
59
-84
-2
10
-89
-35
93
-93
29
13
-24
-41
-5
-45
62
-82
-79
-70
-87
96
-9
-15
95
-13
10
11
24
-100
85
-58
-64
30
48
-22
-37
10
11
-39
-35
-56
58
44
22
-1
38
57
-73
-5
-66
68
18
-39
42
93
-46
-34
-30
-11
38
74
39
-31
44
-81
34
-74
45
-77
10
-17
26
94
9
-25
0
-15
-3
-84
-2
-4
-60
55
32
-64
71
-37
40
82
47
56
81
72
-40
-26
-5
-26
-25
17
17
-36
-8
-76
-71
98
-29
74
57
43
61
-76
81
52
-73
-82
17
-16
-81
16
56
-21
46
-52
84
60
-96
-52
-62
-79
58
60
27
55
-40
-81
13
-87
69
-58
96
-12
-62
95
51
79
72
37
-6
-20
-50
-89
-25
-93
-18
-53
-55
99
31
-56
84
75
88
-1
-13
-3
36
-51
85
70
20
-52
1
-76
52
100
54
-7
-1
-73
-30
64
46
-51
31
93
-99
93
-75
-59
34
48
-89
-61
76
-85
-17
-98
66
50
12
-89
-17
-13
27
49
-47
53
-95
100
-71
47
-94
98
12
86
-73
-21
60
-49
64
40
-87
0
-28
23
71
49
61
-38
7
81
-59
-45
-75
-97
-10
68
-93
-98
90
98
-92
3
-59
22
-41
-97
48
-22
-60
37
-45
-66
-3
-33
80
24
-76
-22
39
71
-66
-39
72
-73
30
90
75
-44
91
57
-40
88
17
-57
-22
68
-69
45
32
-88
35
10
-20
58
-75
-19
-75
35
-86
19
-87
4
55
44
95
-58
-96
64
36
12
17
-46
-71
-49
-72
-42
94
-27
87
-17
-12
-9
61
77
74
-57
61
97
60
-66
-64
36
37
52
76
-73
-50
-96
-20
-84
0
-2
94
84
100
-30
-51
88
-79
-40
97
44
-94
28
-48
-23
-54
12
83
35
-88
8
-97
37
-64
-27
35
68
54
-81
91
59
61
-5
73
-23
18
24
7
-87
77
-51
-42
-4
32
10
65
11
74
-12
-8
-66
-36
-77
-51
-26
-91
41
89
-56
91
84
-96
51
80
-43
7
2
-86
-18
46
-46
-61
-47
-21
41
83
-61
-34
9
-94
71
-92
7
-8
-51
27
-59
14
15
-98
90
18
84
-94
7
93
-53
78
-17
85
-95
21
76
60
71
5
46
55
-1
48
-53
57
-33
64
78
12
-57
-93
-13
83
-54
81
84
57
9
-15
-32
92
-80
-25
-17
94
47
-90
94
-52
-93
-29
98
-8
-32
-80
-53
-92
82
20
39
-66
-41
-30
81
-77
-22
-78
-54
93
-71
69
-61
46
-88
-87
-97
-20
65
-80
-37
91
-42
-44
-56
31
21
16
78
15
-98
45
18
-84
48
35
-41
100
-48
58
-64
93
-85
95
50
94
67
37
93
36
-3
57
-21
-52
12
-57
-35
-40
-76
-30
-52
96
14
-66
-19
-1
47
-77
88
-46
9
39
-39
79
39
16
-20
-61
20
-15
-56
35
83
-30
-13
-60
-59
49
-4
42
41
64
-90
44
-100
-1
-52
90
-4
84
84
-8
-29
-69
-27
-45
-44
6
-40
67
93
-65
100
20
-43
-96
-32
54
-74
84
-94
10
-72
-35
63
-86
-73
68
-26
-40
-84
-24
-100
90
-38
-88
-28
78
-88
61
-41
-95
-93
-23
38
99
44
-69
59
56
33
7
8
67
-68
-12
45
-59
-31
94
-34
52
38
80
41
93
-7
-99
-14
96
-38
-6
83
80
-27
-85
82
44
-33
-47
-73
76
29
74
74
78
-1
50
43
-85
-23
-57
65
78
-29
-97
-44
13
-22
-96
-94
98
-59
36
-5
-40
-95
86
1
-94
-72
76
-1
7
-34
64
96
-22
60
94
-15
4
21
4
64
13
-71
-31
30
32
-84
71
57
65
83
33
96
-96
4
-74
1
-8
-58
27
20
-80
-5
86
-77
-16
49
78
-60
-56
35
-22
-1
-87
-89
3
-1
-94
-95
62
7
36
11
58
-76
25
58
2
-50
98
10
-45
-87
47
-42
-48
55
-41
91
-22
-78
29
63
97
-58
95
-79
-23
-65
-47
-61
55
-35
-78
-48
1
-34
9
-41
1
-64
64
-81
29
-87
-5
-6
5
22
58
100
-1
-99
-60
47
90
17
-59
-54
64
61
61
-99
-53
-5
99
-79
-39
64
-81
93
-77
-94
13
71
34
19
-64
-67
100
0
87
-10
-55
-28
-84
16
31
-10
-92
-27
51
-60
84
-39
-46
-10
11
-81
67
-16
-31
-64
91
47
-59
30
-26
-35
8
-100
15
17
-67
65
60
-18
-40
83
99
72
-84
-20
-39
87
52
3
9
-96
-21
-41
61
46
-34
56
-57
-13
97
-13
75
32
-68
-86
41
-61
-60
22
-13
-77
55
79
-16
-90
-33
-63
26
-55
-45
-18
-29
-75
-10
25
-91
-88
59
-88
37
7
16
-97
-23
42
-23
88
-3
71
-73
-42
11
-71
-57
-95
-87
2
-89
11
94
-93
-36
-37
13
77
95
-85
-13
-7
-14
70
50
19
86
-58
-61
-38
-5
24
7
-24
-10
-41
9
83
-55
-32
27
88
90
-34
38
-76
9
93
18
39
13
8
99
34
45
-24
-20
-12
-21
59
47
-94
-1
31
-77
45
74
-96
-100
0
-58
-31
-34
-50
93
-46
-57
73
-15
25
8
-64
-58
85
61
-68
-96
-22
-61
-82
23
14
-7
-72
-18
91
-78
-83
17
67
12
50
-16
92
-86
22
-11
-82
-77
-23
-27
100
98
-75
-67
-87
-84
-78
0
-90
-37
61
21
-61
97
23
93
95
90
86
-94
-86
85
-61
96
31
-31
-29
-82
4
97
15
0
-50
-54
14
-82
55
-84
-10
-61
-88
6
-99
40
-21
96
-61
55
29
24
78
-98
-91
86
-75
70
-35
-67
-92
83
-58
15
92
80
95
-81
59
100
75
-66
58
91
8
-63
-11
29
63
-59
-45
-40
-37
64
61
40
-97
7
6
55
-40
-62
-3
-41
70
42
68
-11
-29
96
-52
-69
-77
65
-6
10
-86
-58
96
-10
-80
3
-93
70
69
41
55
19
-47
42
-87
-8
-8
36
41
86
-100
-40
-52
71
84
83
28
-36
-53
24
10
1
47
-61
50
-1
69
86
-31
15
0
-73
-78
12
96
18
-56
-30
-81
-7
84
78
-46
-29
83
39
41
2
71
-12
80
-61
67
-58
-85
-54
-83
6
18
-8
53
-8
-74
6
-39
50
-35
-30
-84
54
90
100
15
8
-64
89
-54
-23
-48
95
-90
82
61
-40
61
91
-82
-91
13
18
76
-53
20
-37
86
73
-73
48
-3
-30
7
77
-41
-43
-28
35
-42
-38
-16
-64
13
-76
11
-19
18
62
40
55
-54
100
83
-75
-52
10
84
70
28
43
6
-27
17
79
-74
46
65
89
-70
-24
-84
39
-31
-68
-88
-34
92
-95
65
21
-14
35
-3
-100
-61
81
-79
43
-19
15
-11
-35
37
72
38
5
-56
-70
41
-59
-92
-91
96
6
19
-46
32
20
-96
-79
-77
56
35
-24
-46
12
20
95
90
-75
13
74
-98
-7
94
61
75
66
57
77
25
77
-28
-8
-15
-47
3
-32
51
-1
50
-12
98
-18
61
4
-16
49
8
65
-70
-26
14
80
-15
-2
-97
-88
-77
-14
10
-22
35
-30
33
52
61
-9
-73
92
-57
-59
-25
-88
93
49
80
20
-39
-42
44
-47
-73
-99
-40
55
-37
-23
34
92
-6
-76
-99
-74
-10
21
39
-17
-1
58
-60
17
-28
3
-27
-20
1
-85
58
73
55
1
92
-24
-63
57
-22
-32
47
48
90
-97
78
49
-42
-38
97
-42
-8
-61
62
-96
-60
17
98
50
-30
-49
-89
64
-99
4
-87
-51
-28
36
32
0
-65
-25
-58
36
-67
-57
-43
-43
-40
-98
62
2
-69
-47
-87
-97
-29
-81
-30
76
-59
37
-84
-9
55
10
95
98
-52
96
68
-92
39
-13
45
92
52
70
18
51
32
-69
83
-81
-63
-72
4
34
7
-73
-57
-5
-94
-60
85
22
-78
63
42
67
-75
-12
92
-20
49
93
54
89
-2
-1
21
-37
39
-4
53
-14
-61
26
-16
-85
-26
9
49
33
-66
11
87
92
37
92
93
-14
55
15
-52
36
65
-57
-47
15
-54
-65
-49
-56
-14
29
-46
-16
-97
88
92
-35
-45
99
27
-64
-73
86
-10
-43
74
5
84
-93
-73
-54
78
-96
-78
-35
27
-23
-68
-70
-40
51
38
-90
74
38
58
18
-35
31
-45
-88
-100
-24
38
57
54
-12
66
84
-64
3
-20
27
-90
51
12
-50
47
1
31
-71
1
-30
75
-99
-24
-38
44
-18
29
-17
-72
-80
-7
-71
62
92
-69
-18
-22
-37
71
-35
98
-43
75
-59
63
58
82
26
-51
-78
34
7
-49
36
-61
-76
-20
35
-91
-100
-13
-33
-75
-90
34
20
60
-44
-76
58
8
0
-4
-86
-16
69
-50
16
99
-79
58
-20
-10
82
47
-96
-89
-22
2
80
19
77
-32
70
2
-70
44
-48
91
-66
-36
-52
-56
33
54
-46
58
-58
90
-81
-56
68
-44
46
11
-63
91
69
-47
-85
-98
97
-30
45
65
14
22
-62
9
64
46
-32
94
-13
-9
-88
73
-23
-98
98
40
42
-26
-32
94
-83
26
-70
-45
73
14
41
-80
-59
-33
-64
9
-62
88
-4
100
-17
-38
-75
56
92
-65
2
-84
-20
-85
78
-89
19
36
36
-43
75
-41
42
51
8
-69
-21
-76
-76
4
-90
82
-24
-12
76
-66
27
55
-99
-56
-56
75
-12
76
4
90
54
-56
52
58
12
90
66
-74
64
-55
-43
46
76
44
31
78
-53
93
9
7
75
-31
-21
-57
-10
-17
8
-14
72
-96
-24
14
8
-58
-91
81
-43
67
-100
44
17
-63
-47
-17
-11
36
-75
-35
35
19
91
-82
18
-100
77
29
-71
-49
-100
-57
-27
-21
78
73
-51
31
-62
19
41
-92
58
13
-68
76
5
67
99
-86
-77
50
-6
-41
56
2
34
82
45
-81
53
-35
20
-82
-71
-63
-19
43
98
100
51
97
-38
80
88
-67
70
-51
94
-82
-93
-65
17
-95
51
-36
100
18
-23
90
59
5
-79
93
-76
-17
-92
51
-1
92
90
-39
-76
26
-64
98
15
100
90
90
-37
39
31
-17
72
97
61
40
-23
26
20
-32
-21
82
-71
-67
-47
83
-27
38
-68
-23
-2
-12
2
11
87
-83
-77
-3
88
-16
-73
46
5
10
13
-15
98
-83
24
-23
56
-17
-76
-71
62
47
-7
75
-69
63
50
65
98
99
-89
-46
71
-72
-31
-98
-23
47
76
28
86
-4
47
-82
43
79
-55
-79
92
64
88
-71
-49
-85
-77
-93
95
-74
78
96
84
-64
26
48
60
-24
-24
98
80
44
55
-24
48
-34
37
50
14
-48
8
-2
62
-34
-67
45
24
-14
-26
12
95
79
20
21
75
-100
-91
-17
-66
-58
46
42
-53
93
91
-15
-16
-11
-83
-81
-74
-87
51
41
6
99
-20
46
-60
32
-48
-73
84
22
-47
-20
7
-57
79
-69
-97
-35
-68
0
-56
37
-25
24
-90
-13
91
59
-68
70
81
-18
100
-88
28
89
-24
-15
34
77
-64
78
7
98
38
-56
23
-23
-100
12
73
28
56
78
60
-25
-50
-83
39
4
-7
83
80
36
21
-94
-54
-71
20
-83
-33
-20
36
39
-7
-93
-59
-69
17
82
-38
98
-33
-22
79
-43
73
-1
-45
-25
-96
65
94
-48
-18
-80
-22
16
69
-93
-7
32
56
54
-99
-76
-3
-81
-98
83
73
-91
56
85
-19
85
46
-41
-82
-39
95
18
89
-30
31
23
-94
45
88
20
0
-33
23
86
-19
1
-51
5
-51
56
-62
-90
1
20
59
81
-45
-10
-12
-91
56
10
53
-73
80
25
34
-10
-63
-87
0
-51
6
38
54
-16
2
29
-71
-10
77
19
77
81
-40
61
-23
27
-2
-76
-36
-16
-79
-3
35
42
23
-67
-68
79
-77
-74
70
71
37
54
61
-28
-72
29
-92
36
55
-93
-37
-2
89
-28
-74
-87
78
-89
63
95
-86
68
-32
-70
-60
-7
-12
72
86
-37
-29
-98
92
-73
31
36
-55
-14
69
-55
41
22
72
10
93
0
-50
-15
44
-36
-27
-97
10
50
94
24
-90
93
79
87
10
15
-91
-8
63
-19
-28
-99
18
-12
-86
-45
51
45
81
5
41
63
-3
-90
11
-96
9
13
-52
82
-27
-13
99
-77
99
-17
61
-39
3
-51
83
-87
-100
52
62
13
63
-46
-18
60
100
24
-17
-3
-52
22
-44
-73
-92
-32
36
-21
92
-78
-84
-48
-37
-23
-46
-29
75
17
-26
40
70
-97
-28
-74
56
78
-18
-61
52
43
-81
-86
1
82
-68
33
24
64
-44
62
40
-15
69
61
1
22
-7
-88
91
84
27
43
-61
12
16
98
-49
94
82
-42
76
-7
40
25
58
95
57
22
-77
-70
-54
-57
-63
-24
-92
-85
-37
1
40
-60
-84
78
-11
21
-14
92
22
-26
-70
26
-22
-26
-62
-68
80
45
-36
-77
-80
73
5
-52
27
-79
26
-74
69
-24
26
-38
-78
-90
-49
-22
79
52
-83
-7
-13
-79
84
-67
40
48
8
73
-31
-36
61
65
-23
-35
75
42
-20
0
58
-73
44
93
-24
93
45
-34
95
2
-5
15
43
-94
84
-30
25
-80
90
33
98
-21
-21
83
26
57
-47
81
-44
72
-40
73
-90
-97
12
-90
20
-95
-22
-46
-19
18
92
-17
-93
-29
41
69
94
-66
39
-35
18
-64
-20
-21
38
84
43
-20
-96
53
91
-82
-30
26
-2
78
-17
85
57
0
-42
-74
-2
22
65
68
-28
44
-61
-20
53
85
-2
0
-16
-53
8
-24
-93
28
-24
-66
56
22
-43
-94
-90
23
-90
39
-6
-59
92
86
13
-20
91
21
-48
31
-66
81
-24
27
-98
-55
-15
-51
-38
9
77
-22
64
12
-81
-47
96
9
-71
-16
73
-75
65
92
-32
85
-94
-77
-24
0
20
38
-37
-77
-91
20
3
-94
-54
64
45
100
-43
-15
67
-65
-93
-23
-67
37
90
-29
-55
44
-90
67
93
-33
-92
87
-67
-80
-9
-12
41
30
35
73
-13
-41
-8
48
-75
3
15
-17
-95
79
16
65
-58
-68
-96
8
32
46
-53
-19
80
8
-83
-85
-2
32
43
83
93
-24
-2
9
-31
-82
26
-42
-26
-75
-10
-91
-77
-28
9
56
-91
88
-45
-98
54
-84
-48
34
77
-61
-86
43
21
-58
-73
26
-38
-40
-91
26
75
-52
-93
-60
100
-83
85
-99
77
96
28
-86
-63
-68
86
62
-52
-12
87
-73
-53
-74
-62
93
67
-11
-39
17
18
51
-44
-65
62
-56
81
47
-81
71
-26
78
-58
57
-35
70
52
-51
22
81
75
-61
64
41
64
-12
96
83
21
66
34
-67
-59
-62
-11
-80
87
-34
-54
6
-30
-87
6
-42
-76
18
99
64
-2
60
-52
-55
8
-9
-32
68
-74
-25
-30
38
-6
1
-2
-31
-66
-28
-70
-25
-60
3
72
59
-88
35
-9
50
33
78
66
-80
30
22
-89
50
-55
-96
69
-18
-48
-6
4
-38
-91
-35
85
-2
-81
-67
-33
84
25
-15
8
-81
-85
49
12
64
-96
95
75
-28
-60
55
46
-38
100
-9
-18
59
76
-12
-89
54
-92
88
78
-15
-68
54
-46
13
-29
2
60
12
84
30
21
100
-13
49
-91
26
16
4
-62
70
-94
-97
-98
63
-49
-61
86
-86
-43
21
-55
-3
-62
17
27
-60
10
67
-92
49
22
82
34
42
-40
80
-94
-2
78
-36
50
-77
10
29
5
44
-49
92
-31
-71
38
-23
16
-8
11
-75
-25
29
11
-44
2
34
64
-39
-61
-14
-91
60
-10
94
70
77
-90
92
90
-83
11
-32
-36
-90
96
80
-54
-96
-6
24
-52
-46
63
28
50
-26
-41
65
67
66
93
5
-57
21
40
10
42
-66
-78
-74
27
44
19
76
2
-80
46
-51
-97
-100
-59
35
62
-98
31
97
27
-21
-39
-57
-13
35
-81
-23
-7
-84
-93
-65
-31
-51
-49
-29
-66
39
-90
-95
-6
88
86
-94
-56
-3
99
63
-18
21
69
-28
56
-30
-38
-49
-75
-39
-84
-30
6
69
14
-45
-60
5
-66
-30
-69
74
-84
97
-10
15
-53
-87
-71
-23
68
37
74
6
58
-8
78
89
86
70
86
-35
46
48
-54
-76
-44
58
-27
12
73
63
-27
60
49
-29
-45
-51
18
-69
-66
-32
30
-7
-4
-14
-73
100
44
22
31
-27
-14
22
-60
56
-1
82
86
-92
-1
-71
44
-24
23
56
77
-42
-27
-6
-33
-92
43
37
-77
43
-61
-52
96
5
-74
-6
45
28
84
-50
95
52
-39
78
-65
79
60
-42
-10
23
52
67
-48
-34
47
85
-70
-3
-19
-4
62
6
22
-83
35
41
-78
-14
-32
-97
-70
9
82
80
61
4
-6
23
-74
-54
-78
-69
76
29
-12
9
-98
0
-83
-70
72
3
-74
-12
62
-39
94
-90
40
-90
-2
-51
14
-97
-56
-32
-57
83
-67
-99
87
-21
-81
7
-95
46
60
-19
-24
-29
-8
49
64
-41
-34
-13
10
-13
78
-74
-94
31
91
18
-65
-20
-24
-46
58
89
-13
-44
-51
3
-68
-48
-15
-63
28
93
32
65
96
69
-68
-93
-4
99
-73
-44
83
-13
-28
-47
-6
50
10
27
-32
60
89
-66
-40
-60
33
-21
-25
61
-33
85
-99
23
-51
-6
42
-79
61
35
11
-80
-2
64
51
-12
-97
25
7
91
77
86
-49
98
-73
86
18
78
-20
-61
-66
35
-69
11
82
-42
-77
-84
-98
-84
55
72
-44
-79
-69
-46
3
12
-14
-66
1
59
99
35
43
87
92
-57
-100
-95
-38
-52
-31
-52
-24
-20
-85
-17
73
32
37
-37
-60
93
-33
93
-63
-84
37
-53
-71
-78
20
-14
-53
-6
30
30
-80
49
-77
42
45
-93
-99
87
9
-4
-65
62
30
-11
48
-34
-37
-77
-66
89
-37
78
-96
67
55
-35
74
-6
15
-71
-42
-73
-36
99
-42
6
37
-25
21
-83
-32
9
34
62
-49
74
28
15
-18
-81
-87
84
65
15
32
44
97
-11
-58
88
19
57
-60
-37
-10
-74
54
9
58
-52
96
-86
2
-77
74
-57
-93
12
-70
3
79
-15
-59
-64
19
-52
-78
-66
25
61
-24
-22
-10
26
-26
-64
-4
-88
22
-42
-63
67
-52
-74
82
-28
88
-43
93
-8
-24
16
-45
-19
12
-11
-75
-65
-74
1
18
-5
86
66
79
-69
-83
21
-12
-26
55
46
33
13
84
15
-4
-63
74
52
16
26
56
-72
-74
89
-97
96
-5
83
90
88
72
-61
-39
40
-47
-80
87
-9
-10
-17
97
-35
19
-91
60
27
-50
-48
10
64
-98
-23
-74
11
-63
59
-60
-12
-38
-62
-92
43
2
-1
55
95
2
-22
81
14
57
-61
76
-97
96
-63
-74
4
-23
76
30
-67
-96
-44
19
-75
-59
-40
41
-97
84
97
-45
-92
46
10
-10
99
-64
-73
-39
52
50
7
77
-63
-37
-99
-23
-22
-79
-64
43
89
88
-88
31
-62
-96
28
70
-32
-79
-2
68
-89
59
-33
-41
39
-28
46
59
58
52
76
-42
47
61
67
-8
-26
42
81
-80
43
29
37
-71
95
34
23
81
-3
-27
-83
-45
74
-84
-10
-81
-21
64
50
-22
-13
-33
-12
-44
95
-68
-65
11
27
21
16
-87
17
48
-24
-50
39
-67
59
75
-89
44
-13
-5
27
-93
-41
5
82
71
-100
-15
-24
-79
-66
57
39
43
58
-53
-63
-37
-19
34
-80
-46
4
-9
17
33
-1
33
-83
62
-38
38
-29
-55
85
-86
3
-22
1
18
-35
48
33
29
-65
-11
13
-23
-72
-10
-23
58
-43
91
49
25
62
-11
43
-86
-94
73
68
-16
-83
-43
-60
-87
89
80
0
80
81
-88
-38
9
-67
71
42
-46
0
39
-74
-58
25
-75
83
100
-3
70
-75
31
86
41
-48
31
70
97
17
28
-9
-2
-12
55
51
88
-69
95
81
-93
21
-10
-57
64
-93
9
-93
26
-78
-79
42
-46
-59
75
-58
48
-82
19
16
-79
-26
77
39
75
100
77
-9
-23
-90
-32
-98
55
69
79
-42
50
-54
-54
94
-98
13
65
13
-42
-82
94
54
-96
-92
81
-47
23
1
26
68
-35
-90
-30
14
-9
-1
53
30
-39
-48
72
21
-16
4
4
-43
-38
66
-18
-78
5
34
-85
99
-80
-98
-2
57
